# PPS vs Y 简单结构对比 (+1偏移)

## PPS 种子基本列

### pps 0,1
  f[1] = [0, 0]   (+1→ 1,1)
  f[2] = [0, 0, 0]   (+1→ 1,1,1)
  f[3] = [0, 0, 0, 0]   (+1→ 1,1,1,1)
  f[4] = [0, 0, 0, 0, 0]   (+1→ 1,1,1,1,1)
  f[5] = [0, 0, 0, 0, 0, 0]   (+1→ 1,1,1,1,1,1)

### pps 0,1,2
  f[1] = [0, 1, 1]   (+1→ 1,2,2)
  f[2] = [0, 1, 1, 1]   (+1→ 1,2,2,2)
  f[3] = [0, 1, 1, 1, 1]   (+1→ 1,2,2,2,2)
  f[4] = [0, 1, 1, 1, 1, 1]   (+1→ 1,2,2,2,2,2)
  f[5] = [0, 1, 1, 1, 1, 1, 1]   (+1→ 1,2,2,2,2,2,2)

### pps 0,1,2,3
  f[1] = [0, 1, 2, 2]   (+1→ 1,2,3,3)
  f[2] = [0, 1, 2, 2, 2]   (+1→ 1,2,3,3,3)
  f[3] = [0, 1, 2, 2, 2, 2]   (+1→ 1,2,3,3,3,3)
  f[4] = [0, 1, 2, 2, 2, 2, 2]   (+1→ 1,2,3,3,3,3,3)
  f[5] = [0, 1, 2, 2, 2, 2, 2, 2]   (+1→ 1,2,3,3,3,3,3,3)

## Y 浅层基本列 (从1,3树)

### y 1,2
  f[1] = [1, 1, 1]
  f[2] = [1, 1, 1, 1]
  f[3] = [1, 1, 1, 1, 1]

### y 1,3
  f[1] = [1, 2, 4]
  f[2] = [1, 2, 4, 8]
  f[3] = [1, 2, 4, 8, 16]

### y 1,2,4
  f[1] = [1, 2, 3, 4]
  f[2] = [1, 2, 3, 4, 5]
  f[3] = [1, 2, 3, 4, 5, 6]

### y 1,2,3,4
  f[1] = [1, 2, 3, 3, 3]
  f[2] = [1, 2, 3, 3, 3, 3]
  f[3] = [1, 2, 3, 3, 3, 3, 3]

### y 1,2,3
  f[1] = [1, 2, 2, 2]
  f[2] = [1, 2, 2, 2, 2]
  f[3] = [1, 2, 2, 2, 2, 2]

### y 1,2,2
  f[1] = [1, 2, 1, 2, 1]
  f[2] = [1, 2, 1, 2, 1, 2, 1]
  f[3] = [1, 2, 1, 2, 1, 2, 1, 2, 1]

### y 1,2,4,8
  f[1] = [1, 2, 4, 7, 11]
  f[2] = [1, 2, 4, 7, 11, 16]
  f[3] = [1, 2, 4, 7, 11, 16, 22]

### y 1,2,4,7,11
  f[1] = [1, 2, 4, 7, 10, 13]
  f[2] = [1, 2, 4, 7, 10, 13, 16]
  f[3] = [1, 2, 4, 7, 10, 13, 16, 19]

## 模式对比: 前缀+无限X

| 系统 | 表达式 | 前缀 | +1前缀 | 无限值 |
|:--|:--|:--|:--|:--|
| PPS | 0,1            | [] | [] | 0 |
| PPS | 0,1,2          | [0] | [1] | 1 |
| PPS | 0,1,2,3        | [0, 1] | [1, 2] | 2 |
| Y | 1,2            | [] | [] | 1 |
| Y | 1,2,3          | [1] | [2] | 2 |
| Y | 1,2,3,4        | [1, 2] | [2, 3] | 3 |