[  343] Y:1,2,4,8,16,31,57,99,162,251,371,527 depth=3 std=True fs=6
[  344] Y:1,2,4,8,16,31,57,99,162,251,371,527,724 depth=3 std=True fs=6
[  345] Y:1,2,4,8,16,31,57,99,163,255,381 depth=3 std=True fs=6
[  346] Y:1,2,4,8,16,31,57,99,163,255,381,547 depth=3 std=True fs=6
[  347] Y:1,2,4,8,16,31,57,99,163,255,381,547,759 depth=3 std=True fs=6
[  348] Y:1,2,4,8,16,31,57,99,163,255,381,547,759,1023 depth=3 std=True fs=6
[  349] PPS:0,1,0,1,0                      depth=4 std=True fs=6
[  350] PPS:0,1,0,1,0,1,0                  depth=4 std=True fs=6
[  351] PPS:0,1,0,1,0,1,0,1,0              depth=4 std=True fs=6
[  352] PPS:0,1,0,1,0,1,0,1,0,1,0          depth=4 std=True fs=6
[  353] PPS:0,1,0,2,1,0,5                  depth=4 std=True fs=6
[  354] PPS:0,1,0,2,1,0,5,1,0,8            depth=4 std=True fs=6
[  355] PPS:0,1,0,2,1,0,5,1,0,8,1,0,11     depth=4 std=True fs=6
[  356] PPS:0,1,0,2,1,0,5,1,0,8,1,0,11,1,0,14 depth=4 std=True fs=6
[  357] PPS:0,1,0,2,2,1,0,6,6              depth=4 std=True fs=6
[  358] PPS:0,1,0,2,2,1,0,6,6,1,0,10,10    depth=4 std=True fs=6
[  359] PPS:0,1,0,2,2,1,0,6,6,1,0,10,10,1,0,14,14 depth=4 std=True fs=6
[  360] PPS:0,1,0,2,2,1,0,6,6,1,0,10,10,1,0,14,14,1,0,18,18 depth=4 std=True fs=6
[  361] PPS:0,1,0,3,0,3,0                  depth=4 std=True fs=6
[  362] PPS:0,1,0,3,0,3,0,3,0              depth=4 std=True fs=6
[  363] PPS:0,1,0,3,0,3,0,3,0,3,0          depth=4 std=True fs=6
[  364] PPS:0,1,0,3,0,3,0,3,0,3,0,3,0      depth=4 std=True fs=6
[  365] PPS:0,1,0,3,0,4,3,0,7              depth=4 std=True fs=6
[  366] PPS:0,1,0,3,0,4,3,0,7,3,0,10       depth=4 std=True fs=6
[  367] PPS:0,1,0,3,0,4,3,0,7,3,0,10,3,0,13 depth=4 std=True fs=6
[  368] PPS:0,1,0,3,0,4,3,0,7,3,0,10,3,0,13,3,0,16 depth=4 std=True fs=6
[  369] PPS:0,1,0,3,0,4,4,3,0,8,8          depth=4 std=True fs=6
[  370] PPS:0,1,0,3,0,4,4,3,0,8,8,3,0,12,12 depth=4 std=True fs=6
[  371] PPS:0,1,0,3,0,4,4,3,0,8,8,3,0,12,12,3,0,16,16 depth=4 std=True fs=6
[  372] PPS:0,1,0,3,0,4,4,3,0,8,8,3,0,12,12,3,0,16,16,3,0,20,20 depth=4 std=True fs=6
[  373] PPS:0,1,0,3,0,5,0,5,0              depth=4 std=True fs=6
[  374] PPS:0,1,0,3,0,5,0,5,0,5,0          depth=4 std=True fs=6
[  375] PPS:0,1,0,3,0,5,0,5,0,5,0,5,0      depth=4 std=True fs=6
[  376] PPS:0,1,0,3,0,5,0,5,0,5,0,5,0,5,0  depth=4 std=True fs=6
[  377] PPS:0,1,0,3,0,5,0,6,5,0,9          depth=4 std=True fs=6
[  378] PPS:0,1,0,3,0,5,0,6,5,0,9,5,0,12   depth=4 std=True fs=6
[  379] PPS:0,1,0,3,0,5,0,6,5,0,9,5,0,12,5,0,15 depth=4 std=True fs=6
[  380] PPS:0,1,0,3,0,5,0,6,5,0,9,5,0,12,5,0,15,5,0,18 depth=4 std=True fs=6
[  381] PPS:0,1,0,3,0,5,0,6,6,5,0,10,10    depth=4 std=True fs=6
[  382] PPS:0,1,0,3,0,5,0,6,6,5,0,10,10,5,0,14,14 depth=4 std=True fs=6
[  383] PPS:0,1,0,3,0,5,0,6,6,5,0,10,10,5,0,14,14,5,0,18,18 depth=4 std=True fs=6
[  384] PPS:0,1,0,3,0,5,0,6,6,5,0,10,10,5,0,14,14,5,0,18,18,5,0,22,22 depth=4 std=True fs=6
[  385] PPS:0,1,0,3,0,5,0,7,0,7,0          depth=4 std=True fs=6
[  386] PPS:0,1,0,3,0,5,0,7,0,7,0,7,0      depth=4 std=True fs=6
[  387] PPS:0,1,0,3,0,5,0,7,0,7,0,7,0,7,0  depth=4 std=True fs=6
[  388] PPS:0,1,0,3,0,5,0,7,0,7,0,7,0,7,0,7,0 depth=4 std=True fs=6
[  389] PPS:0,1,0,3,0,5,0,7,0,8,7,0,11     depth=4 std=True fs=6
[  390] PPS:0,1,0,3,0,5,0,7,0,8,7,0,11,7,0,14 depth=4 std=True fs=6
[  391] PPS:0,1,0,3,0,5,0,7,0,8,7,0,11,7,0,14,7,0,17 depth=4 std=True fs=6
[  392] PPS:0,1,0,3,0,5,0,7,0,8,7,0,11,7,0,14,7,0,17,7,0,20 depth=4 std=True fs=6
[  393] PPS:0,1,0,3,0,5,0,7,0,8,8,7,0,12,12 depth=4 std=True fs=6
[  394] PPS:0,1,0,3,0,5,0,7,0,8,8,7,0,12,12,7,0,16,16 depth=4 std=True fs=6
[  395] PPS:0,1,0,3,0,5,0,7,0,8,8,7,0,12,12,7,0,16,16,7,0,20,20 depth=4 std=True fs=6
[  396] PPS:0,1,0,3,0,5,0,7,0,8,8,7,0,12,12,7,0,16,16,7,0,20,20,7,0,24,24 depth=4 std=True fs=6