[  177] PPS:0,1,2,3,2,5,2,7,2,9,2,10       depth=3 std=True fs=6
[  178] PPS:0,1,2,3,2,5,2,7,2,9,2,10,10    depth=3 std=True fs=6
[  179] PPS:0,1,2,3,2,5,2,7,2,9,2,10,10,10 depth=3 std=True fs=6
[  180] PPS:0,1,2,3,3,2,6,5,8              depth=3 std=True fs=6
[  181] PPS:0,1,2,3,3,2,6,5,8,5,10         depth=3 std=True fs=6
[  182] PPS:0,1,2,3,3,2,6,5,8,5,10,5,12    depth=3 std=True fs=6
[  183] PPS:0,1,2,3,3,2,6,5,8,5,10,5,12,5,14 depth=3 std=True fs=6
[  184] PPS:0,1,2,3,3,2,6,6,2,9,8,11       depth=3 std=True fs=6
[  185] PPS:0,1,2,3,3,2,6,6,2,9,8,11,8,13  depth=3 std=True fs=6
[  186] PPS:0,1,2,3,3,2,6,6,2,9,8,11,8,13,8,15 depth=3 std=True fs=6
[  187] PPS:0,1,2,3,3,2,6,6,2,9,8,11,8,13,8,15,8,17 depth=3 std=True fs=6
[  188] PPS:0,1,2,3,3,2,6,6,2,9,9,2,12,11,14 depth=3 std=True fs=6
[  189] PPS:0,1,2,3,3,2,6,6,2,9,9,2,12,11,14,11,16 depth=3 std=True fs=6
[  190] PPS:0,1,2,3,3,2,6,6,2,9,9,2,12,11,14,11,16,11,18 depth=3 std=True fs=6
[  191] PPS:0,1,2,3,3,2,6,6,2,9,9,2,12,11,14,11,16,11,18,11,20 depth=3 std=True fs=6
[  192] PPS:0,1,2,3,3,2,6,6,2,9,9,2,12,12,2,15,14,17 depth=3 std=True fs=6
[  193] PPS:0,1,2,3,3,2,6,6,2,9,9,2,12,12,2,15,14,17,14,19 depth=3 std=True fs=6
[  194] PPS:0,1,2,3,3,2,6,6,2,9,9,2,12,12,2,15,14,17,14,19,14,21 depth=3 std=True fs=6
[  195] PPS:0,1,2,3,3,2,6,6,2,9,9,2,12,12,2,15,14,17,14,19,14,21,14,23 depth=3 std=True fs=6
[  196] PPS:0,1,2,3,4,3                    depth=3 std=True fs=6
[  197] PPS:0,1,2,3,4,3,5                  depth=3 std=True fs=6
[  198] PPS:0,1,2,3,4,3,5,5                depth=3 std=True fs=6
[  199] PPS:0,1,2,3,4,3,5,5,5              depth=3 std=True fs=6
[  200] PPS:0,1,2,3,4,3,6,3                depth=3 std=True fs=6
[  201] PPS:0,1,2,3,4,3,6,3,7              depth=3 std=True fs=6
[  202] PPS:0,1,2,3,4,3,6,3,7,7            depth=3 std=True fs=6
[  203] PPS:0,1,2,3,4,3,6,3,7,7,7          depth=3 std=True fs=6
[  204] PPS:0,1,2,3,4,3,6,3,8,3            depth=3 std=True fs=6
[  205] PPS:0,1,2,3,4,3,6,3,8,3,9          depth=3 std=True fs=6
[  206] PPS:0,1,2,3,4,3,6,3,8,3,9,9        depth=3 std=True fs=6
[  207] PPS:0,1,2,3,4,3,6,3,8,3,9,9,9      depth=3 std=True fs=6
[  208] PPS:0,1,2,3,4,3,6,3,8,3,10,3       depth=3 std=True fs=6
[  209] PPS:0,1,2,3,4,3,6,3,8,3,10,3,11    depth=3 std=True fs=6
[  210] PPS:0,1,2,3,4,3,6,3,8,3,10,3,11,11 depth=3 std=True fs=6
[  211] PPS:0,1,2,3,4,3,6,3,8,3,10,3,11,11,11 depth=3 std=True fs=6
[  212] PPS:0,1,2,3,4,4,3,7,6,9            depth=3 std=True fs=6
[  213] PPS:0,1,2,3,4,4,3,7,6,9,6,11       depth=3 std=True fs=6
[  214] PPS:0,1,2,3,4,4,3,7,6,9,6,11,6,13  depth=3 std=True fs=6
[  215] PPS:0,1,2,3,4,4,3,7,6,9,6,11,6,13,6,15 depth=3 std=True fs=6
[  216] PPS:0,1,2,3,4,4,3,7,7,3,10,9,12    depth=3 std=True fs=6
[  217] PPS:0,1,2,3,4,4,3,7,7,3,10,9,12,9,14 depth=3 std=True fs=6
[  218] PPS:0,1,2,3,4,4,3,7,7,3,10,9,12,9,14,9,16 depth=3 std=True fs=6
[  219] PPS:0,1,2,3,4,4,3,7,7,3,10,9,12,9,14,9,16,9,18 depth=3 std=True fs=6
[  220] PPS:0,1,2,3,4,4,3,7,7,3,10,10,3,13,12,15 depth=3 std=True fs=6
[  221] PPS:0,1,2,3,4,4,3,7,7,3,10,10,3,13,12,15,12,17 depth=3 std=True fs=6
[  222] PPS:0,1,2,3,4,4,3,7,7,3,10,10,3,13,12,15,12,17,12,19 depth=3 std=True fs=6
[  223] PPS:0,1,2,3,4,4,3,7,7,3,10,10,3,13,12,15,12,17,12,19,12,21 depth=3 std=True fs=6
[  224] PPS:0,1,2,3,4,4,3,7,7,3,10,10,3,13,13,3,16,15,18 depth=3 std=True fs=6
[  225] PPS:0,1,2,3,4,4,3,7,7,3,10,10,3,13,13,3,16,15,18,15,20 depth=3 std=True fs=6
[  226] PPS:0,1,2,3,4,4,3,7,7,3,10,10,3,13,13,3,16,15,18,15,20,15,22 depth=3 std=True fs=6
[  227] PPS:0,1,2,3,4,4,3,7,7,3,10,10,3,13,13,3,16,15,18,15,20,15,22,15,24 depth=3 std=True fs=6
[  228] PPS:0,1,2,3,4,5,4                  depth=3 std=True fs=6
[  229] PPS:0,1,2,3,4,5,4,6                depth=3 std=True fs=6
[  230] PPS:0,1,2,3,4,5,4,6,6              depth=3 std=True fs=6
[  231] PPS:0,1,2,3,4,5,4,6,6,6            depth=3 std=True fs=6
[  232] PPS:0,1,2,3,4,5,4,7,4              depth=3 std=True fs=6
[  233] PPS:0,1,2,3,4,5,4,7,4,8            depth=3 std=True fs=6
[  234] PPS:0,1,2,3,4,5,4,7,4,8,8          depth=3 std=True fs=6
[  235] PPS:0,1,2,3,4,5,4,7,4,8,8,8        depth=3 std=True fs=6
[  236] PPS:0,1,2,3,4,5,4,7,4,9,4          depth=3 std=True fs=6
[  237] PPS:0,1,2,3,4,5,4,7,4,9,4,10       depth=3 std=True fs=6
[  238] PPS:0,1,2,3,4,5,4,7,4,9,4,10,10    depth=3 std=True fs=6
[  239] PPS:0,1,2,3,4,5,4,7,4,9,4,10,10,10 depth=3 std=True fs=6
[  240] PPS:0,1,2,3,4,5,4,7,4,9,4,11,4     depth=3 std=True fs=6
[  241] PPS:0,1,2,3,4,5,4,7,4,9,4,11,4,12  depth=3 std=True fs=6
[  242] PPS:0,1,2,3,4,5,4,7,4,9,4,11,4,12,12 depth=3 std=True fs=6
[  243] PPS:0,1,2,3,4,5,4,7,4,9,4,11,4,12,12,12 depth=3 std=True fs=6
[  244] PPS:0,1,2,3,4,5,5,4,8,7,10         depth=3 std=True fs=6
[  245] PPS:0,1,2,3,4,5,5,4,8,7,10,7,12    depth=3 std=True fs=6
[  246] PPS:0,1,2,3,4,5,5,4,8,7,10,7,12,7,14 depth=3 std=True fs=6
[  247] PPS:0,1,2,3,4,5,5,4,8,7,10,7,12,7,14,7,16 depth=3 std=True fs=6
[  248] PPS:0,1,2,3,4,5,5,4,8,8,4,11,10,13 depth=3 std=True fs=6
[  249] PPS:0,1,2,3,4,5,5,4,8,8,4,11,10,13,10,15 depth=3 std=True fs=6
[  250] PPS:0,1,2,3,4,5,5,4,8,8,4,11,10,13,10,15,10,17 depth=3 std=True fs=6
[  251] PPS:0,1,2,3,4,5,5,4,8,8,4,11,10,13,10,15,10,17,10,19 depth=3 std=True fs=6
[  252] PPS:0,1,2,3,4,5,5,4,8,8,4,11,11,4,14,13,16 depth=3 std=True fs=6
[  253] PPS:0,1,2,3,4,5,5,4,8,8,4,11,11,4,14,13,16,13,18 depth=3 std=True fs=6
[  254] PPS:0,1,2,3,4,5,5,4,8,8,4,11,11,4,14,13,16,13,18,13,20 depth=3 std=True fs=6
[  255] PPS:0,1,2,3,4,5,5,4,8,8,4,11,11,4,14,13,16,13,18,13,20,13,22 depth=3 std=True fs=6
[  256] PPS:0,1,2,3,4,5,5,4,8,8,4,11,11,4,14,14,4,17,16,19 depth=3 std=True fs=6
[  257] PPS:0,1,2,3,4,5,5,4,8,8,4,11,11,4,14,14,4,17,16,19,16,21 depth=3 std=True fs=6
[  258] PPS:0,1,2,3,4,5,5,4,8,8,4,11,11,4,14,14,4,17,16,19,16,21,16,23 depth=3 std=True fs=6
[  259] PPS:0,1,2,3,4,5,5,4,8,8,4,11,11,4,14,14,4,17,16,19,16,21,16,23,16,25 depth=3 std=True fs=6
[  260] PPS:0,1,2,3,4,5,6,5                depth=3 std=True fs=6
[  261] PPS:0,1,2,3,4,5,6,5,7              depth=3 std=True fs=6
[  262] PPS:0,1,2,3,4,5,6,5,7,7            depth=3 std=True fs=6
[  263] PPS:0,1,2,3,4,5,6,5,7,7,7          depth=3 std=True fs=6
[  264] PPS:0,1,2,3,4,5,6,5,8,5            depth=3 std=True fs=6
[  265] PPS:0,1,2,3,4,5,6,5,8,5,9          depth=3 std=True fs=6
[  266] PPS:0,1,2,3,4,5,6,5,8,5,9,9        depth=3 std=True fs=6
[  267] PPS:0,1,2,3,4,5,6,5,8,5,9,9,9      depth=3 std=True fs=6
[  268] PPS:0,1,2,3,4,5,6,5,8,5,10,5       depth=3 std=True fs=6
[  269] PPS:0,1,2,3,4,5,6,5,8,5,10,5,11    depth=3 std=True fs=6
[  270] PPS:0,1,2,3,4,5,6,5,8,5,10,5,11,11 depth=3 std=True fs=6
[  271] PPS:0,1,2,3,4,5,6,5,8,5,10,5,11,11,11 depth=3 std=True fs=6
[  272] PPS:0,1,2,3,4,5,6,5,8,5,10,5,12,5  depth=3 std=True fs=6
[  273] PPS:0,1,2,3,4,5,6,5,8,5,10,5,12,5,13 depth=3 std=True fs=6