[  520] PPS:0,1,2,1,4,1,6,1,8,1,9,8,1,12,8,1,15,8,1,18,8,1,21 depth=4 std=True fs=6
[  521] PPS:0,1,2,1,4,1,6,1,8,1,9,9,8,1,13,13 depth=4 std=True fs=6
[  522] PPS:0,1,2,1,4,1,6,1,8,1,9,9,8,1,13,13,8,1,17,17 depth=4 std=True fs=6
[  523] PPS:0,1,2,1,4,1,6,1,8,1,9,9,8,1,13,13,8,1,17,17,8,1,21,21 depth=4 std=True fs=6
[  524] PPS:0,1,2,1,4,1,6,1,8,1,9,9,8,1,13,13,8,1,17,17,8,1,21,21,8,1,25,25 depth=4 std=True fs=6
[  525] PPS:0,1,2,2,1,5,4                  depth=4 std=True fs=6
[  526] PPS:0,1,2,2,1,5,4,6                depth=4 std=True fs=6
[  527] PPS:0,1,2,2,1,5,4,6,6              depth=4 std=True fs=6
[  528] PPS:0,1,2,2,1,5,4,6,6,6            depth=4 std=True fs=6
[  529] PPS:0,1,2,2,1,5,4,7,4              depth=4 std=True fs=6
[  530] PPS:0,1,2,2,1,5,4,7,4,8            depth=4 std=True fs=6
[  531] PPS:0,1,2,2,1,5,4,7,4,8,8          depth=4 std=True fs=6
[  532] PPS:0,1,2,2,1,5,4,7,4,8,8,8        depth=4 std=True fs=6
[  533] PPS:0,1,2,2,1,5,4,7,4,9,4          depth=4 std=True fs=6
[  534] PPS:0,1,2,2,1,5,4,7,4,9,4,10       depth=4 std=True fs=6
[  535] PPS:0,1,2,2,1,5,4,7,4,9,4,10,10    depth=4 std=True fs=6
[  536] PPS:0,1,2,2,1,5,4,7,4,9,4,10,10,10 depth=4 std=True fs=6
[  537] PPS:0,1,2,2,1,5,4,7,4,9,4,11,4     depth=4 std=True fs=6
[  538] PPS:0,1,2,2,1,5,4,7,4,9,4,11,4,12  depth=4 std=True fs=6
[  539] PPS:0,1,2,2,1,5,4,7,4,9,4,11,4,12,12 depth=4 std=True fs=6
[  540] PPS:0,1,2,2,1,5,4,7,4,9,4,11,4,12,12,12 depth=4 std=True fs=6
[  541] PPS:0,1,2,2,1,5,5,1,8,7            depth=4 std=True fs=6
[  542] PPS:0,1,2,2,1,5,5,1,8,7,9          depth=4 std=True fs=6
[  543] PPS:0,1,2,2,1,5,5,1,8,7,9,9        depth=4 std=True fs=6
[  544] PPS:0,1,2,2,1,5,5,1,8,7,9,9,9      depth=4 std=True fs=6
[  545] PPS:0,1,2,2,1,5,5,1,8,7,10,7       depth=4 std=True fs=6
[  546] PPS:0,1,2,2,1,5,5,1,8,7,10,7,11    depth=4 std=True fs=6
[  547] PPS:0,1,2,2,1,5,5,1,8,7,10,7,11,11 depth=4 std=True fs=6
[  548] PPS:0,1,2,2,1,5,5,1,8,7,10,7,11,11,11 depth=4 std=True fs=6
[  549] PPS:0,1,2,2,1,5,5,1,8,7,10,7,12,7  depth=4 std=True fs=6
[  550] PPS:0,1,2,2,1,5,5,1,8,7,10,7,12,7,13 depth=4 std=True fs=6
[  551] PPS:0,1,2,2,1,5,5,1,8,7,10,7,12,7,13,13 depth=4 std=True fs=6
[  552] PPS:0,1,2,2,1,5,5,1,8,7,10,7,12,7,13,13,13 depth=4 std=True fs=6
[  553] PPS:0,1,2,2,1,5,5,1,8,7,10,7,12,7,14,7 depth=4 std=True fs=6
[  554] PPS:0,1,2,2,1,5,5,1,8,7,10,7,12,7,14,7,15 depth=4 std=True fs=6
[  555] PPS:0,1,2,2,1,5,5,1,8,7,10,7,12,7,14,7,15,15 depth=4 std=True fs=6
[  556] PPS:0,1,2,2,1,5,5,1,8,7,10,7,12,7,14,7,15,15,15 depth=4 std=True fs=6
[  557] PPS:0,1,2,2,1,5,5,1,8,8,1,11,10    depth=4 std=True fs=6
[  558] PPS:0,1,2,2,1,5,5,1,8,8,1,11,10,12 depth=4 std=True fs=6
[  559] PPS:0,1,2,2,1,5,5,1,8,8,1,11,10,12,12 depth=4 std=True fs=6
[  560] PPS:0,1,2,2,1,5,5,1,8,8,1,11,10,12,12,12 depth=4 std=True fs=6
[  561] PPS:0,1,2,2,1,5,5,1,8,8,1,11,10,13,10 depth=4 std=True fs=6
[  562] PPS:0,1,2,2,1,5,5,1,8,8,1,11,10,13,10,14 depth=4 std=True fs=6
[  563] PPS:0,1,2,2,1,5,5,1,8,8,1,11,10,13,10,14,14 depth=4 std=True fs=6
[  564] PPS:0,1,2,2,1,5,5,1,8,8,1,11,10,13,10,14,14,14 depth=4 std=True fs=6
[  565] PPS:0,1,2,2,1,5,5,1,8,8,1,11,10,13,10,15,10 depth=4 std=True fs=6
[  566] PPS:0,1,2,2,1,5,5,1,8,8,1,11,10,13,10,15,10,16 depth=4 std=True fs=6
[  567] PPS:0,1,2,2,1,5,5,1,8,8,1,11,10,13,10,15,10,16,16 depth=4 std=True fs=6
[  568] PPS:0,1,2,2,1,5,5,1,8,8,1,11,10,13,10,15,10,16,16,16 depth=4 std=True fs=6
[  569] PPS:0,1,2,2,1,5,5,1,8,8,1,11,10,13,10,15,10,17,10 depth=4 std=True fs=6
[  570] PPS:0,1,2,2,1,5,5,1,8,8,1,11,10,13,10,15,10,17,10,18 depth=4 std=True fs=6
[  571] PPS:0,1,2,2,1,5,5,1,8,8,1,11,10,13,10,15,10,17,10,18,18 depth=4 std=True fs=6
[  572] PPS:0,1,2,2,1,5,5,1,8,8,1,11,10,13,10,15,10,17,10,18,18,18 depth=4 std=True fs=6
[  573] PPS:0,1,2,2,1,5,5,1,8,8,1,11,11,1,14,13 depth=4 std=True fs=6
[  574] PPS:0,1,2,2,1,5,5,1,8,8,1,11,11,1,14,13,15 depth=4 std=True fs=6
[  575] PPS:0,1,2,2,1,5,5,1,8,8,1,11,11,1,14,13,15,15 depth=4 std=True fs=6
[  576] PPS:0,1,2,2,1,5,5,1,8,8,1,11,11,1,14,13,15,15,15 depth=4 std=True fs=6