[  397] PPS:0,1,1,0,4,3                    depth=4 std=True fs=6
[  398] PPS:0,1,1,0,4,3,5                  depth=4 std=True fs=6
[  399] PPS:0,1,1,0,4,3,5,5                depth=4 std=True fs=6
[  400] PPS:0,1,1,0,4,3,5,5,5              depth=4 std=True fs=6
[  401] PPS:0,1,1,0,4,3,6,3                depth=4 std=True fs=6
[  402] PPS:0,1,1,0,4,3,6,3,7              depth=4 std=True fs=6
[  403] PPS:0,1,1,0,4,3,6,3,7,7            depth=4 std=True fs=6
[  404] PPS:0,1,1,0,4,3,6,3,7,7,7          depth=4 std=True fs=6
[  405] PPS:0,1,1,0,4,3,6,3,8,3            depth=4 std=True fs=6
[  406] PPS:0,1,1,0,4,3,6,3,8,3,9          depth=4 std=True fs=6
[  407] PPS:0,1,1,0,4,3,6,3,8,3,9,9        depth=4 std=True fs=6
[  408] PPS:0,1,1,0,4,3,6,3,8,3,9,9,9      depth=4 std=True fs=6
[  409] PPS:0,1,1,0,4,3,6,3,8,3,10,3       depth=4 std=True fs=6
[  410] PPS:0,1,1,0,4,3,6,3,8,3,10,3,11    depth=4 std=True fs=6
[  411] PPS:0,1,1,0,4,3,6,3,8,3,10,3,11,11 depth=4 std=True fs=6
[  412] PPS:0,1,1,0,4,3,6,3,8,3,10,3,11,11,11 depth=4 std=True fs=6
[  413] PPS:0,1,1,0,4,4,0,7,6              depth=4 std=True fs=6
[  414] PPS:0,1,1,0,4,4,0,7,6,8            depth=4 std=True fs=6
[  415] PPS:0,1,1,0,4,4,0,7,6,8,8          depth=4 std=True fs=6
[  416] PPS:0,1,1,0,4,4,0,7,6,8,8,8        depth=4 std=True fs=6
[  417] PPS:0,1,1,0,4,4,0,7,6,9,6          depth=4 std=True fs=6
[  418] PPS:0,1,1,0,4,4,0,7,6,9,6,10       depth=4 std=True fs=6
[  419] PPS:0,1,1,0,4,4,0,7,6,9,6,10,10    depth=4 std=True fs=6
[  420] PPS:0,1,1,0,4,4,0,7,6,9,6,10,10,10 depth=4 std=True fs=6
[  421] PPS:0,1,1,0,4,4,0,7,6,9,6,11,6     depth=4 std=True fs=6
[  422] PPS:0,1,1,0,4,4,0,7,6,9,6,11,6,12  depth=4 std=True fs=6
[  423] PPS:0,1,1,0,4,4,0,7,6,9,6,11,6,12,12 depth=4 std=True fs=6
[  424] PPS:0,1,1,0,4,4,0,7,6,9,6,11,6,12,12,12 depth=4 std=True fs=6
[  425] PPS:0,1,1,0,4,4,0,7,6,9,6,11,6,13,6 depth=4 std=True fs=6
[  426] PPS:0,1,1,0,4,4,0,7,6,9,6,11,6,13,6,14 depth=4 std=True fs=6
[  427] PPS:0,1,1,0,4,4,0,7,6,9,6,11,6,13,6,14,14 depth=4 std=True fs=6
[  428] PPS:0,1,1,0,4,4,0,7,6,9,6,11,6,13,6,14,14,14 depth=4 std=True fs=6
[  429] PPS:0,1,1,0,4,4,0,7,7,0,10,9       depth=4 std=True fs=6
[  430] PPS:0,1,1,0,4,4,0,7,7,0,10,9,11    depth=4 std=True fs=6
[  431] PPS:0,1,1,0,4,4,0,7,7,0,10,9,11,11 depth=4 std=True fs=6
[  432] PPS:0,1,1,0,4,4,0,7,7,0,10,9,11,11,11 depth=4 std=True fs=6
[  433] PPS:0,1,1,0,4,4,0,7,7,0,10,9,12,9  depth=4 std=True fs=6
[  434] PPS:0,1,1,0,4,4,0,7,7,0,10,9,12,9,13 depth=4 std=True fs=6
[  435] PPS:0,1,1,0,4,4,0,7,7,0,10,9,12,9,13,13 depth=4 std=True fs=6
[  436] PPS:0,1,1,0,4,4,0,7,7,0,10,9,12,9,13,13,13 depth=4 std=True fs=6
[  437] PPS:0,1,1,0,4,4,0,7,7,0,10,9,12,9,14,9 depth=4 std=True fs=6
[  438] PPS:0,1,1,0,4,4,0,7,7,0,10,9,12,9,14,9,15 depth=4 std=True fs=6
[  439] PPS:0,1,1,0,4,4,0,7,7,0,10,9,12,9,14,9,15,15 depth=4 std=True fs=6
[  440] PPS:0,1,1,0,4,4,0,7,7,0,10,9,12,9,14,9,15,15,15 depth=4 std=True fs=6
[  441] PPS:0,1,1,0,4,4,0,7,7,0,10,9,12,9,14,9,16,9 depth=4 std=True fs=6
[  442] PPS:0,1,1,0,4,4,0,7,7,0,10,9,12,9,14,9,16,9,17 depth=4 std=True fs=6
[  443] PPS:0,1,1,0,4,4,0,7,7,0,10,9,12,9,14,9,16,9,17,17 depth=4 std=True fs=6
[  444] PPS:0,1,1,0,4,4,0,7,7,0,10,9,12,9,14,9,16,9,17,17,17 depth=4 std=True fs=6
[  445] PPS:0,1,1,0,4,4,0,7,7,0,10,10,0,13,12 depth=4 std=True fs=6
[  446] PPS:0,1,1,0,4,4,0,7,7,0,10,10,0,13,12,14 depth=4 std=True fs=6
[  447] PPS:0,1,1,0,4,4,0,7,7,0,10,10,0,13,12,14,14 depth=4 std=True fs=6
[  448] PPS:0,1,1,0,4,4,0,7,7,0,10,10,0,13,12,14,14,14 depth=4 std=True fs=6
[  449] PPS:0,1,1,0,4,4,0,7,7,0,10,10,0,13,12,15,12 depth=4 std=True fs=6