[  577] PPS:0,1,2,2,1,5,5,1,8,8,1,11,11,1,14,13,16,13 depth=4 std=True fs=6
[  578] PPS:0,1,2,2,1,5,5,1,8,8,1,11,11,1,14,13,16,13,17 depth=4 std=True fs=6
[  579] PPS:0,1,2,2,1,5,5,1,8,8,1,11,11,1,14,13,16,13,17,17 depth=4 std=True fs=6
[  580] PPS:0,1,2,2,1,5,5,1,8,8,1,11,11,1,14,13,16,13,17,17,17 depth=4 std=True fs=6
[  581] PPS:0,1,2,2,1,5,5,1,8,8,1,11,11,1,14,13,16,13,18,13 depth=4 std=True fs=6
[  582] PPS:0,1,2,2,1,5,5,1,8,8,1,11,11,1,14,13,16,13,18,13,19 depth=4 std=True fs=6
[  583] PPS:0,1,2,2,1,5,5,1,8,8,1,11,11,1,14,13,16,13,18,13,19,19 depth=4 std=True fs=6
[  584] PPS:0,1,2,2,1,5,5,1,8,8,1,11,11,1,14,13,16,13,18,13,19,19,19 depth=4 std=True fs=6
[  585] PPS:0,1,2,2,1,5,5,1,8,8,1,11,11,1,14,13,16,13,18,13,20,13 depth=4 std=True fs=6
[  586] PPS:0,1,2,2,1,5,5,1,8,8,1,11,11,1,14,13,16,13,18,13,20,13,21 depth=4 std=True fs=6
[  587] PPS:0,1,2,2,1,5,5,1,8,8,1,11,11,1,14,13,16,13,18,13,20,13,21,21 depth=4 std=True fs=6
[  588] PPS:0,1,2,2,1,5,5,1,8,8,1,11,11,1,14,13,16,13,18,13,20,13,21,21,21 depth=4 std=True fs=6
[  589] PPS:0,1,2,3,1,5,6                  depth=4 std=True fs=6
[  590] PPS:0,1,2,3,1,5,6,1,8,9            depth=4 std=True fs=6
[  591] PPS:0,1,2,3,1,5,6,1,8,9,1,11,12    depth=4 std=True fs=6
[  592] PPS:0,1,2,3,1,5,6,1,8,9,1,11,12,1,14,15 depth=4 std=True fs=6
[  593] PPS:0,1,2,3,2,3,2                  depth=4 std=True fs=6
[  594] PPS:0,1,2,3,2,3,2,3,2              depth=4 std=True fs=6
[  595] PPS:0,1,2,3,2,3,2,3,2,3,2          depth=4 std=True fs=6
[  596] PPS:0,1,2,3,2,3,2,3,2,3,2,3,2      depth=4 std=True fs=6
[  597] PPS:0,1,2,3,2,4,3,2,7              depth=4 std=True fs=6
[  598] PPS:0,1,2,3,2,4,3,2,7,3,2,10       depth=4 std=True fs=6
[  599] PPS:0,1,2,3,2,4,3,2,7,3,2,10,3,2,13 depth=4 std=True fs=6
[  600] PPS:0,1,2,3,2,4,3,2,7,3,2,10,3,2,13,3,2,16 depth=4 std=True fs=6
[  601] PPS:0,1,2,3,2,4,4,3,2,8,8          depth=4 std=True fs=6
[  602] PPS:0,1,2,3,2,4,4,3,2,8,8,3,2,12,12 depth=4 std=True fs=6
[  603] PPS:0,1,2,3,2,4,4,3,2,8,8,3,2,12,12,3,2,16,16 depth=4 std=True fs=6
[  604] PPS:0,1,2,3,2,4,4,3,2,8,8,3,2,12,12,3,2,16,16,3,2,20,20 depth=4 std=True fs=6
[  605] PPS:0,1,2,3,2,5,1,7,8,7,10         depth=4 std=True fs=6
[  606] PPS:0,1,2,3,2,5,1,7,8,7,10,1,12,13,12,15 depth=4 std=True fs=6
[  607] PPS:0,1,2,3,2,5,1,7,8,7,10,1,12,13,12,15,1,17,18,17,20 depth=4 std=True fs=6
[  608] PPS:0,1,2,3,2,5,1,7,8,7,10,1,12,13,12,15,1,17,18,17,20,1,22,23,22,25 depth=4 std=True fs=6
[  609] PPS:0,1,2,3,2,5,2,5,2              depth=4 std=True fs=6
[  610] PPS:0,1,2,3,2,5,2,5,2,5,2          depth=4 std=True fs=6
[  611] PPS:0,1,2,3,2,5,2,5,2,5,2,5,2      depth=4 std=True fs=6
[  612] PPS:0,1,2,3,2,5,2,5,2,5,2,5,2,5,2  depth=4 std=True fs=6
[  613] PPS:0,1,2,3,2,5,2,6,5,2,9          depth=4 std=True fs=6
[  614] PPS:0,1,2,3,2,5,2,6,5,2,9,5,2,12   depth=4 std=True fs=6
[  615] PPS:0,1,2,3,2,5,2,6,5,2,9,5,2,12,5,2,15 depth=4 std=True fs=6
[  616] PPS:0,1,2,3,2,5,2,6,5,2,9,5,2,12,5,2,15,5,2,18 depth=4 std=True fs=6
[  617] PPS:0,1,2,3,2,5,2,6,6,5,2,10,10    depth=4 std=True fs=6
[  618] PPS:0,1,2,3,2,5,2,6,6,5,2,10,10,5,2,14,14 depth=4 std=True fs=6
[  619] PPS:0,1,2,3,2,5,2,6,6,5,2,10,10,5,2,14,14,5,2,18,18 depth=4 std=True fs=6
[  620] PPS:0,1,2,3,2,5,2,6,6,5,2,10,10,5,2,14,14,5,2,18,18,5,2,22,22 depth=4 std=True fs=6
[  621] PPS:0,1,2,3,2,5,2,7,1,9,10,9,12,9,14 depth=4 std=True fs=6
[  622] PPS:0,1,2,3,2,5,2,7,1,9,10,9,12,9,14,1,16,17,16,19,16,21 depth=4 std=True fs=6
[  623] PPS:0,1,2,3,2,5,2,7,1,9,10,9,12,9,14,1,16,17,16,19,16,21,1,23,24,23,26,23,28 depth=4 std=True fs=6
[  624] PPS:0,1,2,3,2,5,2,7,1,9,10,9,12,9,14,1,16,17,16,19,16,21,1,23,24,23,26,23,28,1,30,31,30,33,30,35 depth=4 std=True fs=6
[  625] PPS:0,1,2,3,2,5,2,7,2,7,2          depth=4 std=True fs=6
[  626] PPS:0,1,2,3,2,5,2,7,2,7,2,7,2      depth=4 std=True fs=6
[  627] PPS:0,1,2,3,2,5,2,7,2,7,2,7,2,7,2  depth=4 std=True fs=6
[  628] PPS:0,1,2,3,2,5,2,7,2,7,2,7,2,7,2,7,2 depth=4 std=True fs=6
[  629] PPS:0,1,2,3,2,5,2,7,2,8,7,2,11     depth=4 std=True fs=6
[  630] PPS:0,1,2,3,2,5,2,7,2,8,7,2,11,7,2,14 depth=4 std=True fs=6
[  631] PPS:0,1,2,3,2,5,2,7,2,8,7,2,11,7,2,14,7,2,17 depth=4 std=True fs=6
[  632] PPS:0,1,2,3,2,5,2,7,2,8,7,2,11,7,2,14,7,2,17,7,2,20 depth=4 std=True fs=6
[  633] PPS:0,1,2,3,2,5,2,7,2,8,8,7,2,12,12 depth=4 std=True fs=6
[  634] PPS:0,1,2,3,2,5,2,7,2,8,8,7,2,12,12,7,2,16,16 depth=4 std=True fs=6
[  635] PPS:0,1,2,3,2,5,2,7,2,8,8,7,2,12,12,7,2,16,16,7,2,20,20 depth=4 std=True fs=6
[  636] PPS:0,1,2,3,2,5,2,7,2,8,8,7,2,12,12,7,2,16,16,7,2,20,20,7,2,24,24 depth=4 std=True fs=6
[  637] PPS:0,1,2,3,2,5,2,7,2,9,1,11,12,11,14,11,16,11,18 depth=4 std=True fs=6
[  638] PPS:0,1,2,3,2,5,2,7,2,9,1,11,12,11,14,11,16,11,18,1,20,21,20,23,20,25,20,27 depth=4 std=True fs=6
[  639] PPS:0,1,2,3,2,5,2,7,2,9,1,11,12,11,14,11,16,11,18,1,20,21,20,23,20,25,20,27,1,29,30,29,32,29,34,29,36 depth=4 std=True fs=6
[  640] PPS:0,1,2,3,2,5,2,7,2,9,1,11,12,11,14,11,16,11,18,1,20,21,20,23,20,25,20,27,1,29,30,29,32,29,34,29,36,1,38,39,38,41,38,43,38,45 depth=4 std=True fs=6
[  641] PPS:0,1,2,3,2,5,2,7,2,9,2,9,2      depth=4 std=True fs=6
[  642] PPS:0,1,2,3,2,5,2,7,2,9,2,9,2,9,2  depth=4 std=True fs=6
[  643] PPS:0,1,2,3,2,5,2,7,2,9,2,9,2,9,2,9,2 depth=4 std=True fs=6
[  644] PPS:0,1,2,3,2,5,2,7,2,9,2,9,2,9,2,9,2,9,2 depth=4 std=True fs=6
[  645] PPS:0,1,2,3,2,5,2,7,2,9,2,10,9,2,13 depth=4 std=True fs=6
[  646] PPS:0,1,2,3,2,5,2,7,2,9,2,10,9,2,13,9,2,16 depth=4 std=True fs=6