[  273] PPS:0,1,2,3,4,5,6,5,8,5,10,5,12,5,13 depth=3 std=True fs=6
[  274] PPS:0,1,2,3,4,5,6,5,8,5,10,5,12,5,13,13 depth=3 std=True fs=6
[  275] PPS:0,1,2,3,4,5,6,5,8,5,10,5,12,5,13,13,13 depth=3 std=True fs=6
[  276] PPS:0,1,2,3,4,5,6,6,5,9,8,11       depth=3 std=True fs=6
[  277] PPS:0,1,2,3,4,5,6,6,5,9,8,11,8,13  depth=3 std=True fs=6
[  278] PPS:0,1,2,3,4,5,6,6,5,9,8,11,8,13,8,15 depth=3 std=True fs=6
[  279] PPS:0,1,2,3,4,5,6,6,5,9,8,11,8,13,8,15,8,17 depth=3 std=True fs=6
[  280] PPS:0,1,2,3,4,5,6,6,5,9,9,5,12,11,14 depth=3 std=True fs=6
[  281] PPS:0,1,2,3,4,5,6,6,5,9,9,5,12,11,14,11,16 depth=3 std=True fs=6
[  282] PPS:0,1,2,3,4,5,6,6,5,9,9,5,12,11,14,11,16,11,18 depth=3 std=True fs=6
[  283] PPS:0,1,2,3,4,5,6,6,5,9,9,5,12,11,14,11,16,11,18,11,20 depth=3 std=True fs=6
[  284] PPS:0,1,2,3,4,5,6,6,5,9,9,5,12,12,5,15,14,17 depth=3 std=True fs=6
[  285] PPS:0,1,2,3,4,5,6,6,5,9,9,5,12,12,5,15,14,17,14,19 depth=3 std=True fs=6
[  286] PPS:0,1,2,3,4,5,6,6,5,9,9,5,12,12,5,15,14,17,14,19,14,21 depth=3 std=True fs=6
[  287] PPS:0,1,2,3,4,5,6,6,5,9,9,5,12,12,5,15,14,17,14,19,14,21,14,23 depth=3 std=True fs=6
[  288] PPS:0,1,2,3,4,5,6,6,5,9,9,5,12,12,5,15,15,5,18,17,20 depth=3 std=True fs=6
[  289] PPS:0,1,2,3,4,5,6,6,5,9,9,5,12,12,5,15,15,5,18,17,20,17,22 depth=3 std=True fs=6
[  290] PPS:0,1,2,3,4,5,6,6,5,9,9,5,12,12,5,15,15,5,18,17,20,17,22,17,24 depth=3 std=True fs=6
[  291] PPS:0,1,2,3,4,5,6,6,5,9,9,5,12,12,5,15,15,5,18,17,20,17,22,17,24,17,26 depth=3 std=True fs=6
[  292] Y:1,2,3                          depth=3 std=True fs=6
[  293] Y:1,2,3,3                        depth=3 std=True fs=6
[  294] Y:1,2,3,3,3                      depth=3 std=True fs=6
[  295] Y:1,2,3,4,4                      depth=3 std=True fs=6
[  296] Y:1,2,3,4,4,4                    depth=3 std=True fs=6
[  297] Y:1,2,3,4,5,5                    depth=3 std=True fs=6
[  298] Y:1,2,3,4,5,5,5                  depth=3 std=True fs=6
[  299] Y:1,2,3,4,5,6,6                  depth=3 std=True fs=6
[  300] Y:1,2,3,4,5,6,6,6                depth=3 std=True fs=6
[  301] Y:1,2,4,7,10,13                  depth=3 std=True fs=6
[  302] Y:1,2,4,7,10,13,16               depth=3 std=True fs=6
[  303] Y:1,2,4,7,10,13,16,19            depth=3 std=True fs=6
[  304] Y:1,2,4,7,10,13,16,19,22         depth=3 std=True fs=6
[  305] Y:1,2,4,7,11,15,19               depth=3 std=True fs=6
[  306] Y:1,2,4,7,11,15,19,23            depth=3 std=True fs=6
[  307] Y:1,2,4,7,11,15,19,23,27         depth=3 std=True fs=6
[  308] Y:1,2,4,7,11,15,19,23,27,31      depth=3 std=True fs=6
[  309] Y:1,2,4,7,11,16,21,26            depth=3 std=True fs=6
[  310] Y:1,2,4,7,11,16,21,26,31         depth=3 std=True fs=6
[  311] Y:1,2,4,7,11,16,21,26,31,36      depth=3 std=True fs=6
[  312] Y:1,2,4,7,11,16,21,26,31,36,41   depth=3 std=True fs=6
[  313] Y:1,2,4,7,11,16,22,28,34         depth=3 std=True fs=6
[  314] Y:1,2,4,7,11,16,22,28,34,40      depth=3 std=True fs=6
[  315] Y:1,2,4,7,11,16,22,28,34,40,46   depth=3 std=True fs=6
[  316] Y:1,2,4,7,11,16,22,28,34,40,46,52 depth=3 std=True fs=6
[  317] Y:1,2,4,8,15,25,38               depth=3 std=True fs=6
[  318] Y:1,2,4,8,15,25,38,54            depth=3 std=True fs=6
[  319] Y:1,2,4,8,15,25,38,54,73         depth=3 std=True fs=6
[  320] Y:1,2,4,8,15,25,38,54,73,95      depth=3 std=True fs=6
[  321] Y:1,2,4,8,15,26,41,60            depth=3 std=True fs=6
[  322] Y:1,2,4,8,15,26,41,60,83         depth=3 std=True fs=6
[  323] Y:1,2,4,8,15,26,41,60,83,110     depth=3 std=True fs=6
[  324] Y:1,2,4,8,15,26,41,60,83,110,141 depth=3 std=True fs=6
[  325] Y:1,2,4,8,15,26,42,63,89         depth=3 std=True fs=6
[  326] Y:1,2,4,8,15,26,42,63,89,120     depth=3 std=True fs=6
[  327] Y:1,2,4,8,15,26,42,63,89,120,156 depth=3 std=True fs=6
[  328] Y:1,2,4,8,15,26,42,63,89,120,156,197 depth=3 std=True fs=6
[  329] Y:1,2,4,8,15,26,42,64,92,126     depth=3 std=True fs=6
[  330] Y:1,2,4,8,15,26,42,64,92,126,166 depth=3 std=True fs=6
[  331] Y:1,2,4,8,15,26,42,64,92,126,166,212 depth=3 std=True fs=6
[  332] Y:1,2,4,8,15,26,42,64,92,126,166,212,264 depth=3 std=True fs=6
[  333] Y:1,2,4,8,16,31,56,94            depth=3 std=True fs=6
[  334] Y:1,2,4,8,16,31,56,94,148        depth=3 std=True fs=6
[  335] Y:1,2,4,8,16,31,56,94,148,221    depth=3 std=True fs=6
[  336] Y:1,2,4,8,16,31,56,94,148,221,316 depth=3 std=True fs=6
[  337] Y:1,2,4,8,16,31,57,98,158        depth=3 std=True fs=6
[  338] Y:1,2,4,8,16,31,57,98,158,241    depth=3 std=True fs=6
[  339] Y:1,2,4,8,16,31,57,98,158,241,351 depth=3 std=True fs=6
[  340] Y:1,2,4,8,16,31,57,98,158,241,351,492 depth=3 std=True fs=6
[  341] Y:1,2,4,8,16,31,57,99,162,251    depth=3 std=True fs=6
[  342] Y:1,2,4,8,16,31,57,99,162,251,371 depth=3 std=True fs=6