[  450] PPS:0,1,1,0,4,4,0,7,7,0,10,10,0,13,12,15,12,16 depth=4 std=True fs=6
[  451] PPS:0,1,1,0,4,4,0,7,7,0,10,10,0,13,12,15,12,16,16 depth=4 std=True fs=6
[  452] PPS:0,1,1,0,4,4,0,7,7,0,10,10,0,13,12,15,12,16,16,16 depth=4 std=True fs=6
[  453] PPS:0,1,1,0,4,4,0,7,7,0,10,10,0,13,12,15,12,17,12 depth=4 std=True fs=6
[  454] PPS:0,1,1,0,4,4,0,7,7,0,10,10,0,13,12,15,12,17,12,18 depth=4 std=True fs=6
[  455] PPS:0,1,1,0,4,4,0,7,7,0,10,10,0,13,12,15,12,17,12,18,18 depth=4 std=True fs=6
[  456] PPS:0,1,1,0,4,4,0,7,7,0,10,10,0,13,12,15,12,17,12,18,18,18 depth=4 std=True fs=6
[  457] PPS:0,1,1,0,4,4,0,7,7,0,10,10,0,13,12,15,12,17,12,19,12 depth=4 std=True fs=6
[  458] PPS:0,1,1,0,4,4,0,7,7,0,10,10,0,13,12,15,12,17,12,19,12,20 depth=4 std=True fs=6
[  459] PPS:0,1,1,0,4,4,0,7,7,0,10,10,0,13,12,15,12,17,12,19,12,20,20 depth=4 std=True fs=6
[  460] PPS:0,1,1,0,4,4,0,7,7,0,10,10,0,13,12,15,12,17,12,19,12,20,20,20 depth=4 std=True fs=6
[  461] PPS:0,1,2,0,4,5                    depth=4 std=True fs=6
[  462] PPS:0,1,2,0,4,5,0,7,8              depth=4 std=True fs=6
[  463] PPS:0,1,2,0,4,5,0,7,8,0,10,11      depth=4 std=True fs=6
[  464] PPS:0,1,2,0,4,5,0,7,8,0,10,11,0,13,14 depth=4 std=True fs=6
[  465] PPS:0,1,2,1,2,1                    depth=4 std=True fs=6
[  466] PPS:0,1,2,1,2,1,2,1                depth=4 std=True fs=6
[  467] PPS:0,1,2,1,2,1,2,1,2,1            depth=4 std=True fs=6
[  468] PPS:0,1,2,1,2,1,2,1,2,1,2,1        depth=4 std=True fs=6
[  469] PPS:0,1,2,1,3,2,1,6                depth=4 std=True fs=6
[  470] PPS:0,1,2,1,3,2,1,6,2,1,9          depth=4 std=True fs=6
[  471] PPS:0,1,2,1,3,2,1,6,2,1,9,2,1,12   depth=4 std=True fs=6
[  472] PPS:0,1,2,1,3,2,1,6,2,1,9,2,1,12,2,1,15 depth=4 std=True fs=6
[  473] PPS:0,1,2,1,3,3,2,1,7,7            depth=4 std=True fs=6
[  474] PPS:0,1,2,1,3,3,2,1,7,7,2,1,11,11  depth=4 std=True fs=6
[  475] PPS:0,1,2,1,3,3,2,1,7,7,2,1,11,11,2,1,15,15 depth=4 std=True fs=6
[  476] PPS:0,1,2,1,3,3,2,1,7,7,2,1,11,11,2,1,15,15,2,1,19,19 depth=4 std=True fs=6
[  477] PPS:0,1,2,1,4,0,6,7,6,9            depth=4 std=True fs=6
[  478] PPS:0,1,2,1,4,0,6,7,6,9,0,11,12,11,14 depth=4 std=True fs=6
[  479] PPS:0,1,2,1,4,0,6,7,6,9,0,11,12,11,14,0,16,17,16,19 depth=4 std=True fs=6
[  480] PPS:0,1,2,1,4,0,6,7,6,9,0,11,12,11,14,0,16,17,16,19,0,21,22,21,24 depth=4 std=True fs=6
[  481] PPS:0,1,2,1,4,1,4,1                depth=4 std=True fs=6
[  482] PPS:0,1,2,1,4,1,4,1,4,1            depth=4 std=True fs=6
[  483] PPS:0,1,2,1,4,1,4,1,4,1,4,1        depth=4 std=True fs=6
[  484] PPS:0,1,2,1,4,1,4,1,4,1,4,1,4,1    depth=4 std=True fs=6
[  485] PPS:0,1,2,1,4,1,5,4,1,8            depth=4 std=True fs=6
[  486] PPS:0,1,2,1,4,1,5,4,1,8,4,1,11     depth=4 std=True fs=6
[  487] PPS:0,1,2,1,4,1,5,4,1,8,4,1,11,4,1,14 depth=4 std=True fs=6
[  488] PPS:0,1,2,1,4,1,5,4,1,8,4,1,11,4,1,14,4,1,17 depth=4 std=True fs=6
[  489] PPS:0,1,2,1,4,1,5,5,4,1,9,9        depth=4 std=True fs=6
[  490] PPS:0,1,2,1,4,1,5,5,4,1,9,9,4,1,13,13 depth=4 std=True fs=6
[  491] PPS:0,1,2,1,4,1,5,5,4,1,9,9,4,1,13,13,4,1,17,17 depth=4 std=True fs=6
[  492] PPS:0,1,2,1,4,1,5,5,4,1,9,9,4,1,13,13,4,1,17,17,4,1,21,21 depth=4 std=True fs=6
[  493] PPS:0,1,2,1,4,1,6,0,8,9,8,11,8,13  depth=4 std=True fs=6
[  494] PPS:0,1,2,1,4,1,6,0,8,9,8,11,8,13,0,15,16,15,18,15,20 depth=4 std=True fs=6
[  495] PPS:0,1,2,1,4,1,6,0,8,9,8,11,8,13,0,15,16,15,18,15,20,0,22,23,22,25,22,27 depth=4 std=True fs=6
[  496] PPS:0,1,2,1,4,1,6,0,8,9,8,11,8,13,0,15,16,15,18,15,20,0,22,23,22,25,22,27,0,29,30,29,32,29,34 depth=4 std=True fs=6
[  497] PPS:0,1,2,1,4,1,6,1,6,1            depth=4 std=True fs=6
[  498] PPS:0,1,2,1,4,1,6,1,6,1,6,1        depth=4 std=True fs=6
[  499] PPS:0,1,2,1,4,1,6,1,6,1,6,1,6,1    depth=4 std=True fs=6
[  500] PPS:0,1,2,1,4,1,6,1,6,1,6,1,6,1,6,1 depth=4 std=True fs=6
[  501] PPS:0,1,2,1,4,1,6,1,7,6,1,10       depth=4 std=True fs=6
[  502] PPS:0,1,2,1,4,1,6,1,7,6,1,10,6,1,13 depth=4 std=True fs=6
[  503] PPS:0,1,2,1,4,1,6,1,7,6,1,10,6,1,13,6,1,16 depth=4 std=True fs=6
[  504] PPS:0,1,2,1,4,1,6,1,7,6,1,10,6,1,13,6,1,16,6,1,19 depth=4 std=True fs=6
[  505] PPS:0,1,2,1,4,1,6,1,7,7,6,1,11,11  depth=4 std=True fs=6
[  506] PPS:0,1,2,1,4,1,6,1,7,7,6,1,11,11,6,1,15,15 depth=4 std=True fs=6
[  507] PPS:0,1,2,1,4,1,6,1,7,7,6,1,11,11,6,1,15,15,6,1,19,19 depth=4 std=True fs=6
[  508] PPS:0,1,2,1,4,1,6,1,7,7,6,1,11,11,6,1,15,15,6,1,19,19,6,1,23,23 depth=4 std=True fs=6
[  509] PPS:0,1,2,1,4,1,6,1,8,0,10,11,10,13,10,15,10,17 depth=4 std=True fs=6
[  510] PPS:0,1,2,1,4,1,6,1,8,0,10,11,10,13,10,15,10,17,0,19,20,19,22,19,24,19,26 depth=4 std=True fs=6
[  511] PPS:0,1,2,1,4,1,6,1,8,0,10,11,10,13,10,15,10,17,0,19,20,19,22,19,24,19,26,0,28,29,28,31,28,33,28,35 depth=4 std=True fs=6
[  512] PPS:0,1,2,1,4,1,6,1,8,0,10,11,10,13,10,15,10,17,0,19,20,19,22,19,24,19,26,0,28,29,28,31,28,33,28,35,0,37,38,37,40,37,42,37,44 depth=4 std=True fs=6
[  513] PPS:0,1,2,1,4,1,6,1,8,1,8,1        depth=4 std=True fs=6
[  514] PPS:0,1,2,1,4,1,6,1,8,1,8,1,8,1    depth=4 std=True fs=6
[  515] PPS:0,1,2,1,4,1,6,1,8,1,8,1,8,1,8,1 depth=4 std=True fs=6
[  516] PPS:0,1,2,1,4,1,6,1,8,1,8,1,8,1,8,1,8,1 depth=4 std=True fs=6
[  517] PPS:0,1,2,1,4,1,6,1,8,1,9,8,1,12   depth=4 std=True fs=6
[  518] PPS:0,1,2,1,4,1,6,1,8,1,9,8,1,12,8,1,15 depth=4 std=True fs=6
[  519] PPS:0,1,2,1,4,1,6,1,8,1,9,8,1,12,8,1,15,8,1,18 depth=4 std=True fs=6